#include <iostream>

using namespace std;

int main()
{
    cout <<"  1   2   3  4  5  6  7  8  9  10"<< std::endl;
    cout <<"  2   4   6  8 10 12 14 16 18  20"<< std::endl;
    cout <<"  3   6   9 12 15 18 21 24 27  30"<< std::endl;
    cout <<"  4   8  12 16 20 24 28 32 36  40"<< std::endl;
    cout <<"  5  10  15 20 25 30 35 40 45  50"<< std::endl;
    cout <<"  6  12  18 24 30 36 42 48 54  60"<< std::endl;
    cout <<"  7  14  21 28 35 42 49 56 63  70"<< std::endl;
    cout <<"  8  16  24 32 40 48 56 64 72  80"<< std::endl;
    cout <<"  9  18  27 36 45 54 63 72 81  90"<< std::endl;
    cout <<" 10  20  30 40 50 60 70 80 90 100"<< std::endl;

    return 0;
}
